GeneticCode 1: Standard
Codon to AA mapping:
  TTT -> F
  TTC -> F
  TTA -> L
  TTG -> L
  TCT -> S
  TCC -> S
  TCA -> S
  TCG -> S
  TAT -> Y
  TAC -> Y
  TAA -> *
  TAG -> *
  TGT -> C
  TGC -> C
  TGA -> *
  TGG -> W
  CTT -> L
  CTC -> L
  CTA -> L
  CTG -> L
  CCT -> P
  CCC -> P
  CCA -> P
  CCG -> P
  CAT -> H
  CAC -> H
  CAA -> Q
  CAG -> Q
  CGT -> R
  CGC -> R
  CGA -> R
  CGG -> R
  ATT -> I
  ATC -> I
  ATA -> I
  ATG -> M
  ACT -> T
  ACC -> T
  ACA -> T
  ACG -> T
  AAT -> N
  AAC -> N
  AAA -> K
  AAG -> K
  AGT -> S
  AGC -> S
  AGA -> R
  AGG -> R
  GTT -> V
  GTC -> V
  GTA -> V
  GTG -> V
  GCT -> A
  GCC -> A
  GCA -> A
  GCG -> A
  GAT -> D
  GAC -> D
  GAA -> E
  GAG -> E
  GGT -> G
  GGC -> G
  GGA -> G
  GGG -> G

Before deleting ambiguous sites and stop codons:
Number of taxa: 11. They are: human-ECP, chimp-ECP, gorilla-ECP, orangutan-ECP, macaque-ECP, human-EDN, chimp-EDN, gorilla-EDN, organgutan-EDN, macaque-EDN, tamarin-EDN
Length of sequences: 471

After deleting ambiguous sites and stop codons:
Length of sequences: 471

Further after deleting codons with no valid mutational pathway between any pair of sequences:
Length of sequences: 471

Pairwise n between sequences:
	human-ECP	chimp-ECP	gorilla-ECP	orangutan-ECP	macaque-ECP	human-EDN	chimp-EDN	gorilla-EDN	organgutan-EDN	macaque-EDN	tamarin-EDN
human-ECP	0.0000	3.0000	3.0000	24.0000	19.0000	54.0000	54.0000	53.0000	53.0000	57.0000	62.9167
chimp-ECP	3.0000	0.0000	4.0000	25.0000	20.5000	53.5000	53.0000	52.5000	52.5000	56.5000	62.4167
gorilla-ECP	3.0000	4.0000	0.0000	25.0000	20.0000	55.0000	55.0000	54.0000	54.0000	58.0000	65.9167
orangutan-ECP	24.0000	25.0000	25.0000	0.0000	33.0000	49.3333	49.3333	48.3333	47.8333	53.0000	58.0833
macaque-ECP	19.0000	20.5000	20.0000	33.0000	0.0000	60.8333	61.8333	59.8333	60.8333	63.8333	71.7500
human-EDN	54.0000	53.5000	55.0000	49.3333	60.8333	0.0000	1.0000	1.0000	12.0000	28.0000	50.3333
chimp-EDN	54.0000	53.0000	55.0000	49.3333	61.8333	1.0000	0.0000	2.0000	13.0000	29.0000	51.3333
gorilla-EDN	53.0000	52.5000	54.0000	48.3333	59.8333	1.0000	2.0000	0.0000	13.0000	29.0000	49.6667
organgutan-EDN	53.0000	52.5000	54.0000	47.8333	60.8333	12.0000	13.0000	13.0000	0.0000	29.0000	50.3333
macaque-EDN	57.0000	56.5000	58.0000	53.0000	63.8333	28.0000	29.0000	29.0000	29.0000	0.0000	58.3333
tamarin-EDN	62.9167	62.4167	65.9167	58.0833	71.7500	50.3333	51.3333	49.6667	50.3333	58.3333	0.0000

Pairwise s between sequences:
	human-ECP	chimp-ECP	gorilla-ECP	orangutan-ECP	macaque-ECP	human-EDN	chimp-EDN	gorilla-EDN	organgutan-EDN	macaque-EDN	tamarin-EDN
human-ECP	0.0000	1.0000	1.0000	2.0000	7.0000	15.0000	14.0000	14.0000	14.0000	20.0000	19.0833
chimp-ECP	1.0000	0.0000	2.0000	3.0000	7.5000	15.5000	15.0000	14.5000	14.5000	20.5000	19.5833
gorilla-ECP	1.0000	2.0000	0.0000	3.0000	8.0000	16.0000	15.0000	15.0000	15.0000	21.0000	19.0833
orangutan-ECP	2.0000	3.0000	3.0000	0.0000	9.0000	15.6667	14.6667	14.6667	15.1667	20.0000	20.9167
macaque-ECP	7.0000	7.5000	8.0000	9.0000	0.0000	19.1667	17.1667	17.1667	17.1667	22.1667	22.2500
human-EDN	15.0000	15.5000	16.0000	15.6667	19.1667	0.0000	3.0000	4.0000	10.0000	23.0000	24.6667
chimp-EDN	14.0000	15.0000	15.0000	14.6667	17.1667	3.0000	0.0000	3.0000	8.0000	21.0000	22.6667
gorilla-EDN	14.0000	14.5000	15.0000	14.6667	17.1667	4.0000	3.0000	0.0000	10.0000	21.0000	22.3333
organgutan-EDN	14.0000	14.5000	15.0000	15.1667	17.1667	10.0000	8.0000	10.0000	0.0000	21.0000	25.6667
macaque-EDN	20.0000	20.5000	21.0000	20.0000	22.1667	23.0000	21.0000	21.0000	21.0000	0.0000	28.6667
tamarin-EDN	19.0833	19.5833	19.0833	20.9167	22.2500	24.6667	22.6667	22.3333	25.6667	28.6667	0.0000

Mutation spectrum:
  AT -> TA relative mutation rate: 0.3333333333333333
  AT -> CG relative mutation rate: 0.3333333333333333
  AT -> GC relative mutation rate: 0.3333333333333333
  CG -> TA relative mutation rate: 0.3333333333333333
  CG -> AT relative mutation rate: 0.3333333333333333
  CG -> GC relative mutation rate: 0.3333333333333333

sequence	N	S
human-ECP	356.6094	114.3906
chimp-ECP	357.2152	113.7848
gorilla-ECP	357.5600	113.4400
orangutan-ECP	356.0044	114.9956
macaque-ECP	354.2003	116.7997
human-EDN	365.2936	105.7064
chimp-EDN	365.2936	105.7064
gorilla-EDN	364.4107	106.5893
organgutan-EDN	364.2675	106.7325
macaque-EDN	364.4107	106.5893
tamarin-EDN	360.3392	110.6608

Nonsynonymous p-distances (pN):
	human-ECP	chimp-ECP	gorilla-ECP	orangutan-ECP	macaque-ECP	human-EDN	chimp-EDN	gorilla-EDN	organgutan-EDN	macaque-EDN	tamarin-EDN
human-ECP	0.0000	0.0084	0.0084	0.0674	0.0535	0.1496	0.1496	0.1470	0.1470	0.1581	0.1755
chimp-ECP	0.0084	0.0000	0.0112	0.0701	0.0576	0.1481	0.1467	0.1455	0.1455	0.1566	0.1740
gorilla-ECP	0.0084	0.0112	0.0000	0.0701	0.0562	0.1522	0.1522	0.1496	0.1496	0.1607	0.1836
orangutan-ECP	0.0674	0.0701	0.0701	0.0000	0.0929	0.1368	0.1368	0.1342	0.1328	0.1471	0.1622
macaque-ECP	0.0535	0.0576	0.0562	0.0929	0.0000	0.1691	0.1719	0.1665	0.1693	0.1777	0.2008
human-EDN	0.1496	0.1481	0.1522	0.1368	0.1691	0.0000	0.0027	0.0027	0.0329	0.0767	0.1387
chimp-EDN	0.1496	0.1467	0.1522	0.1368	0.1719	0.0027	0.0000	0.0055	0.0356	0.0795	0.1415
gorilla-EDN	0.1470	0.1455	0.1496	0.1342	0.1665	0.0027	0.0055	0.0000	0.0357	0.0796	0.1371
organgutan-EDN	0.1470	0.1455	0.1496	0.1328	0.1693	0.0329	0.0356	0.0357	0.0000	0.0796	0.1389
macaque-EDN	0.1581	0.1566	0.1607	0.1471	0.1777	0.0767	0.0795	0.0796	0.0796	0.0000	0.1610
tamarin-EDN	0.1755	0.1740	0.1836	0.1622	0.2008	0.1387	0.1415	0.1371	0.1389	0.1610	0.0000

Synonymous p-distances (pS):
	human-ECP	chimp-ECP	gorilla-ECP	orangutan-ECP	macaque-ECP	human-EDN	chimp-EDN	gorilla-EDN	organgutan-EDN	macaque-EDN	tamarin-EDN
human-ECP	0.0000	0.0088	0.0088	0.0174	0.0606	0.1363	0.1272	0.1267	0.1266	0.1810	0.1696
chimp-ECP	0.0088	0.0000	0.0176	0.0262	0.0651	0.1412	0.1367	0.1316	0.1315	0.1860	0.1745
gorilla-ECP	0.0088	0.0176	0.0000	0.0263	0.0695	0.1460	0.1369	0.1363	0.1363	0.1909	0.1703
orangutan-ECP	0.0174	0.0262	0.0263	0.0000	0.0777	0.1420	0.1329	0.1324	0.1368	0.1805	0.1854
macaque-ECP	0.0606	0.0651	0.0695	0.0777	0.0000	0.1723	0.1543	0.1537	0.1536	0.1985	0.1956
human-EDN	0.1363	0.1412	0.1460	0.1420	0.1723	0.0000	0.0284	0.0377	0.0941	0.2167	0.2280
chimp-EDN	0.1272	0.1367	0.1369	0.1329	0.1543	0.0284	0.0000	0.0283	0.0753	0.1978	0.2095
gorilla-EDN	0.1267	0.1316	0.1363	0.1324	0.1537	0.0377	0.0283	0.0000	0.0938	0.1970	0.2056
organgutan-EDN	0.1266	0.1315	0.1363	0.1368	0.1536	0.0941	0.0753	0.0938	0.0000	0.1969	0.2361
macaque-EDN	0.1810	0.1860	0.1909	0.1805	0.1985	0.2167	0.1978	0.1970	0.1969	0.0000	0.2639
tamarin-EDN	0.1696	0.1745	0.1703	0.1854	0.1956	0.2280	0.2095	0.2056	0.2361	0.2639	0.0000

pN/pS:
	human-ECP	chimp-ECP	gorilla-ECP	orangutan-ECP	macaque-ECP	human-EDN	chimp-EDN	gorilla-EDN	organgutan-EDN	macaque-EDN	tamarin-EDN
human-ECP	0.0000	0.9590	0.9570	3.8627	0.8828	1.0976	1.1760	1.1603	1.1612	0.8735	1.0349
chimp-ECP	0.9590	0.0000	0.6358	2.6731	0.8859	1.0486	1.0734	1.1057	1.1066	0.8417	0.9969
gorilla-ECP	0.9570	0.6358	0.0000	2.6678	0.8087	1.0421	1.1116	1.0971	1.0981	0.8417	1.0783
orangutan-ECP	3.8627	2.6731	2.6678	0.0000	1.1967	0.9635	1.0292	1.0136	0.9709	0.8151	0.8748
macaque-ECP	0.8828	0.8859	0.8087	1.1967	0.0000	0.9815	1.1139	1.0835	1.1025	0.8952	1.0265
human-EDN	1.0976	1.0486	1.0421	0.9635	0.9815	0.0000	0.0965	0.0727	0.3494	0.3542	0.6084
chimp-EDN	1.1760	1.0734	1.1116	1.0292	1.1139	0.0965	0.0000	0.1940	0.4732	0.4018	0.6753
gorilla-EDN	1.1603	1.1057	1.0971	1.0136	1.0835	0.0727	0.1940	0.0000	0.3806	0.4039	0.6666
organgutan-EDN	1.1612	1.1066	1.0981	0.9709	1.1025	0.3494	0.4732	0.3806	0.0000	0.4043	0.5883
macaque-EDN	0.8735	0.8417	0.8417	0.8151	0.8952	0.3542	0.4018	0.4039	0.4043	0.0000	0.6100
tamarin-EDN	1.0349	0.9969	1.0783	0.8748	1.0265	0.6084	0.6753	0.6666	0.5883	0.6100	0.0000

Nonsynonymous distances after Jukes-Cantor correction (dN):
	human-ECP	chimp-ECP	gorilla-ECP	orangutan-ECP	macaque-ECP	human-EDN	chimp-EDN	gorilla-EDN	organgutan-EDN	macaque-EDN	tamarin-EDN
human-ECP	0.0000	0.0085	0.0084	0.0706	0.0555	0.1669	0.1669	0.1636	0.1637	0.1776	0.1999
chimp-ECP	0.0085	0.0000	0.0113	0.0736	0.0600	0.1650	0.1633	0.1618	0.1618	0.1756	0.1979
gorilla-ECP	0.0084	0.0113	0.0000	0.0736	0.0584	0.1701	0.1701	0.1668	0.1669	0.1808	0.2106
orangutan-ECP	0.0706	0.0736	0.0736	0.0000	0.0992	0.1510	0.1510	0.1478	0.1462	0.1638	0.1827
macaque-ECP	0.0555	0.0600	0.0584	0.0992	0.0000	0.1916	0.1952	0.1883	0.1919	0.2028	0.2337
human-EDN	0.1669	0.1650	0.1701	0.1510	0.1916	0.0000	0.0027	0.0027	0.0336	0.0810	0.1534
chimp-EDN	0.1669	0.1633	0.1701	0.1510	0.1952	0.0027	0.0000	0.0055	0.0365	0.0840	0.1568
gorilla-EDN	0.1636	0.1618	0.1668	0.1478	0.1883	0.0027	0.0055	0.0000	0.0366	0.0841	0.1514
organgutan-EDN	0.1637	0.1618	0.1669	0.1462	0.1919	0.0336	0.0365	0.0366	0.0000	0.0841	0.1536
macaque-EDN	0.1776	0.1756	0.1808	0.1638	0.2028	0.0810	0.0840	0.0841	0.0841	0.0000	0.1812
tamarin-EDN	0.1999	0.1979	0.2106	0.1827	0.2337	0.1534	0.1568	0.1514	0.1536	0.1812	0.0000

Synonymous distances after Jukes-Cantor correction (dS):
	human-ECP	chimp-ECP	gorilla-ECP	orangutan-ECP	macaque-ECP	human-EDN	chimp-EDN	gorilla-EDN	organgutan-EDN	macaque-EDN	tamarin-EDN
human-ECP	0.0000	0.0088	0.0088	0.0176	0.0631	0.1504	0.1394	0.1388	0.1387	0.2072	0.1923
chimp-ECP	0.0088	0.0000	0.0178	0.0267	0.0680	0.1565	0.1509	0.1447	0.1446	0.2138	0.1986
gorilla-ECP	0.0088	0.0178	0.0000	0.0267	0.0729	0.1624	0.1512	0.1505	0.1504	0.2203	0.1932
orangutan-ECP	0.0176	0.0267	0.0267	0.0000	0.0820	0.1574	0.1463	0.1456	0.1510	0.2065	0.2129
macaque-ECP	0.0631	0.0680	0.0729	0.0820	0.0000	0.1957	0.1728	0.1720	0.1719	0.2305	0.2267
human-EDN	0.1504	0.1565	0.1624	0.1574	0.1957	0.0000	0.0289	0.0387	0.1006	0.2557	0.2718
chimp-EDN	0.1394	0.1509	0.1512	0.1463	0.1728	0.0289	0.0000	0.0288	0.0794	0.2297	0.2457
gorilla-EDN	0.1388	0.1447	0.1505	0.1456	0.1720	0.0387	0.0288	0.0000	0.1002	0.2286	0.2403
organgutan-EDN	0.1387	0.1446	0.1504	0.1510	0.1719	0.1006	0.0794	0.1002	0.0000	0.2284	0.2836
macaque-EDN	0.2072	0.2138	0.2203	0.2065	0.2305	0.2557	0.2297	0.2286	0.2284	0.0000	0.3253
tamarin-EDN	0.1923	0.1986	0.1932	0.2129	0.2267	0.2718	0.2457	0.2403	0.2836	0.3253	0.0000

dN/dS:
	human-ECP	chimp-ECP	gorilla-ECP	orangutan-ECP	macaque-ECP	human-EDN	chimp-EDN	gorilla-EDN	organgutan-EDN	macaque-EDN	tamarin-EDN
human-ECP	0.0000	0.9587	0.9568	4.0001	0.8784	1.1092	1.1970	1.1790	1.1801	0.8571	1.0400
chimp-ECP	0.9587	0.0000	0.6330	2.7570	0.8812	1.0543	1.0820	1.1179	1.1190	0.8214	0.9965
gorilla-ECP	0.9568	0.6330	0.0000	2.7514	0.8010	1.0473	1.1252	1.1088	1.1098	0.8208	1.0903
orangutan-ECP	4.0001	2.7570	2.7514	0.0000	1.2103	0.9596	1.0323	1.0150	0.9678	0.7931	0.8581
macaque-ECP	0.8784	0.8812	0.8010	1.2103	0.0000	0.9790	1.1300	1.0949	1.1168	0.8796	1.0311
human-EDN	1.1092	1.0543	1.0473	0.9596	0.9790	0.0000	0.0948	0.0710	0.3344	0.3166	0.5644
chimp-EDN	1.1970	1.0820	1.1252	1.0323	1.1300	0.0948	0.0000	0.1910	0.4600	0.3658	0.6381
gorilla-EDN	1.1790	1.1179	1.1088	1.0150	1.0949	0.0710	0.1910	0.0000	0.3650	0.3681	0.6299
organgutan-EDN	1.1801	1.1190	1.1098	0.9678	1.1168	0.3344	0.4600	0.3650	0.0000	0.3684	0.5418
macaque-EDN	0.8571	0.8214	0.8208	0.7931	0.8796	0.3166	0.3658	0.3681	0.3684	0.0000	0.5571
tamarin-EDN	1.0400	0.9965	1.0903	0.8581	1.0311	0.5644	0.6381	0.6299	0.5418	0.5571	0.0000

