GeneticCode 1: Standard
Codon to AA mapping:
  TTT -> F
  TTC -> F
  TTA -> L
  TTG -> L
  TCT -> S
  TCC -> S
  TCA -> S
  TCG -> S
  TAT -> Y
  TAC -> Y
  TAA -> *
  TAG -> *
  TGT -> C
  TGC -> C
  TGA -> *
  TGG -> W
  CTT -> L
  CTC -> L
  CTA -> L
  CTG -> L
  CCT -> P
  CCC -> P
  CCA -> P
  CCG -> P
  CAT -> H
  CAC -> H
  CAA -> Q
  CAG -> Q
  CGT -> R
  CGC -> R
  CGA -> R
  CGG -> R
  ATT -> I
  ATC -> I
  ATA -> I
  ATG -> M
  ACT -> T
  ACC -> T
  ACA -> T
  ACG -> T
  AAT -> N
  AAC -> N
  AAA -> K
  AAG -> K
  AGT -> S
  AGC -> S
  AGA -> R
  AGG -> R
  GTT -> V
  GTC -> V
  GTA -> V
  GTG -> V
  GCT -> A
  GCC -> A
  GCA -> A
  GCG -> A
  GAT -> D
  GAC -> D
  GAA -> E
  GAG -> E
  GGT -> G
  GGC -> G
  GGA -> G
  GGG -> G

Before deleting ambiguous sites and stop codons:
Number of taxa: 11. They are: human-ECP, chimp-ECP, gorilla-ECP, orangutan-ECP, macaque-ECP, human-EDN, chimp-EDN, gorilla-EDN, organgutan-EDN, macaque-EDN, tamarin-EDN
Length of sequences: 471

After deleting ambiguous sites and stop codons:
Length of sequences: 471

Further after deleting codons with no valid mutational pathway between any pair of sequences:
Length of sequences: 471

Pairwise n between sequences:
	human-ECP	chimp-ECP	gorilla-ECP	orangutan-ECP	macaque-ECP	human-EDN	chimp-EDN	gorilla-EDN	organgutan-EDN	macaque-EDN	tamarin-EDN
human-ECP	0.0000	3.0000	3.0000	24.0000	19.0000	54.0000	54.0000	53.0000	53.0000	57.0000	62.9167
chimp-ECP	3.0000	0.0000	4.0000	25.0000	20.5000	53.5000	53.0000	52.5000	52.5000	56.5000	62.4167
gorilla-ECP	3.0000	4.0000	0.0000	25.0000	20.0000	55.0000	55.0000	54.0000	54.0000	58.0000	65.9167
orangutan-ECP	24.0000	25.0000	25.0000	0.0000	33.0000	49.3333	49.3333	48.3333	47.8333	53.0000	58.0833
macaque-ECP	19.0000	20.5000	20.0000	33.0000	0.0000	60.8333	61.8333	59.8333	60.8333	63.8333	71.7500
human-EDN	54.0000	53.5000	55.0000	49.3333	60.8333	0.0000	1.0000	1.0000	12.0000	28.0000	50.3333
chimp-EDN	54.0000	53.0000	55.0000	49.3333	61.8333	1.0000	0.0000	2.0000	13.0000	29.0000	51.3333
gorilla-EDN	53.0000	52.5000	54.0000	48.3333	59.8333	1.0000	2.0000	0.0000	13.0000	29.0000	49.6667
organgutan-EDN	53.0000	52.5000	54.0000	47.8333	60.8333	12.0000	13.0000	13.0000	0.0000	29.0000	50.3333
macaque-EDN	57.0000	56.5000	58.0000	53.0000	63.8333	28.0000	29.0000	29.0000	29.0000	0.0000	58.3333
tamarin-EDN	62.9167	62.4167	65.9167	58.0833	71.7500	50.3333	51.3333	49.6667	50.3333	58.3333	0.0000

Pairwise s between sequences:
	human-ECP	chimp-ECP	gorilla-ECP	orangutan-ECP	macaque-ECP	human-EDN	chimp-EDN	gorilla-EDN	organgutan-EDN	macaque-EDN	tamarin-EDN
human-ECP	0.0000	1.0000	1.0000	2.0000	7.0000	15.0000	14.0000	14.0000	14.0000	20.0000	19.0833
chimp-ECP	1.0000	0.0000	2.0000	3.0000	7.5000	15.5000	15.0000	14.5000	14.5000	20.5000	19.5833
gorilla-ECP	1.0000	2.0000	0.0000	3.0000	8.0000	16.0000	15.0000	15.0000	15.0000	21.0000	19.0833
orangutan-ECP	2.0000	3.0000	3.0000	0.0000	9.0000	15.6667	14.6667	14.6667	15.1667	20.0000	20.9167
macaque-ECP	7.0000	7.5000	8.0000	9.0000	0.0000	19.1667	17.1667	17.1667	17.1667	22.1667	22.2500
human-EDN	15.0000	15.5000	16.0000	15.6667	19.1667	0.0000	3.0000	4.0000	10.0000	23.0000	24.6667
chimp-EDN	14.0000	15.0000	15.0000	14.6667	17.1667	3.0000	0.0000	3.0000	8.0000	21.0000	22.6667
gorilla-EDN	14.0000	14.5000	15.0000	14.6667	17.1667	4.0000	3.0000	0.0000	10.0000	21.0000	22.3333
organgutan-EDN	14.0000	14.5000	15.0000	15.1667	17.1667	10.0000	8.0000	10.0000	0.0000	21.0000	25.6667
macaque-EDN	20.0000	20.5000	21.0000	20.0000	22.1667	23.0000	21.0000	21.0000	21.0000	0.0000	28.6667
tamarin-EDN	19.0833	19.5833	19.0833	20.9167	22.2500	24.6667	22.6667	22.3333	25.6667	28.6667	0.0000

Mutation spectrum:
  AT -> TA relative mutation rate: 0.3333333333333333
  AT -> CG relative mutation rate: 0.3333333333333333
  AT -> GC relative mutation rate: 0.3333333333333333
  CG -> TA relative mutation rate: 0.3333333333333333
  CG -> AT relative mutation rate: 0.3333333333333333
  CG -> GC relative mutation rate: 0.3333333333333333

sequence	N	S
human-ECP	345.0000	110.6667
chimp-ECP	345.3333	110.0000
gorilla-ECP	345.6667	109.6667
orangutan-ECP	344.6667	111.3333
macaque-ECP	341.6667	112.6667
human-EDN	351.3333	101.6667
chimp-EDN	351.3333	101.6667
gorilla-EDN	351.0000	102.6667
organgutan-EDN	352.6667	103.3333
macaque-EDN	351.0000	102.6667
tamarin-EDN	347.3333	106.6667

Nonsynonymous p-distances (pN):
	human-ECP	chimp-ECP	gorilla-ECP	orangutan-ECP	macaque-ECP	human-EDN	chimp-EDN	gorilla-EDN	organgutan-EDN	macaque-EDN	tamarin-EDN
human-ECP	0.0000	0.0087	0.0087	0.0696	0.0553	0.1551	0.1551	0.1523	0.1519	0.1638	0.1818
chimp-ECP	0.0087	0.0000	0.0116	0.0725	0.0597	0.1536	0.1522	0.1508	0.1504	0.1623	0.1802
gorilla-ECP	0.0087	0.0116	0.0000	0.0724	0.0582	0.1578	0.1578	0.1550	0.1547	0.1665	0.1902
orangutan-ECP	0.0696	0.0725	0.0724	0.0000	0.0962	0.1418	0.1418	0.1390	0.1372	0.1524	0.1679
macaque-ECP	0.0553	0.0597	0.0582	0.0962	0.0000	0.1756	0.1785	0.1728	0.1752	0.1843	0.2083
human-EDN	0.1551	0.1536	0.1578	0.1418	0.1756	0.0000	0.0028	0.0028	0.0341	0.0797	0.1441
chimp-EDN	0.1551	0.1522	0.1578	0.1418	0.1785	0.0028	0.0000	0.0057	0.0369	0.0826	0.1469
gorilla-EDN	0.1523	0.1508	0.1550	0.1390	0.1728	0.0028	0.0057	0.0000	0.0369	0.0826	0.1422
organgutan-EDN	0.1519	0.1504	0.1547	0.1372	0.1752	0.0341	0.0369	0.0369	0.0000	0.0824	0.1438
macaque-EDN	0.1638	0.1623	0.1665	0.1524	0.1843	0.0797	0.0826	0.0826	0.0824	0.0000	0.1671
tamarin-EDN	0.1818	0.1802	0.1902	0.1679	0.2083	0.1441	0.1469	0.1422	0.1438	0.1671	0.0000

Synonymous p-distances (pS):
	human-ECP	chimp-ECP	gorilla-ECP	orangutan-ECP	macaque-ECP	human-EDN	chimp-EDN	gorilla-EDN	organgutan-EDN	macaque-EDN	tamarin-EDN
human-ECP	0.0000	0.0091	0.0091	0.0180	0.0627	0.1413	0.1319	0.1313	0.1308	0.1875	0.1756
chimp-ECP	0.0091	0.0000	0.0182	0.0271	0.0674	0.1465	0.1417	0.1364	0.1359	0.1928	0.1808
gorilla-ECP	0.0091	0.0182	0.0000	0.0271	0.0720	0.1514	0.1420	0.1413	0.1408	0.1978	0.1764
orangutan-ECP	0.0180	0.0271	0.0271	0.0000	0.0804	0.1471	0.1377	0.1371	0.1413	0.1869	0.1919
macaque-ECP	0.0627	0.0674	0.0720	0.0804	0.0000	0.1788	0.1602	0.1594	0.1590	0.2059	0.2029
human-EDN	0.1413	0.1465	0.1514	0.1471	0.1788	0.0000	0.0295	0.0392	0.0976	0.2251	0.2368
chimp-EDN	0.1319	0.1417	0.1420	0.1377	0.1602	0.0295	0.0000	0.0294	0.0780	0.2055	0.2176
gorilla-EDN	0.1313	0.1364	0.1413	0.1371	0.1594	0.0392	0.0294	0.0000	0.0971	0.2045	0.2134
organgutan-EDN	0.1308	0.1359	0.1408	0.1413	0.1590	0.0976	0.0780	0.0971	0.0000	0.2039	0.2444
macaque-EDN	0.1875	0.1928	0.1978	0.1869	0.2059	0.2251	0.2055	0.2045	0.2039	0.0000	0.2739
tamarin-EDN	0.1756	0.1808	0.1764	0.1919	0.2029	0.2368	0.2176	0.2134	0.2444	0.2739	0.0000

pN/pS:
	human-ECP	chimp-ECP	gorilla-ECP	orangutan-ECP	macaque-ECP	human-EDN	chimp-EDN	gorilla-EDN	organgutan-EDN	macaque-EDN	tamarin-EDN
human-ECP	0.0000	0.9590	0.9570	3.8627	0.8828	1.0978	1.1762	1.1604	1.1612	0.8736	1.0350
chimp-ECP	0.9590	0.0000	0.6358	2.6731	0.8859	1.0487	1.0735	1.1058	1.1066	0.8417	0.9970
gorilla-ECP	0.9570	0.6358	0.0000	2.6678	0.8087	1.0423	1.1117	1.0972	1.0980	0.8418	1.0783
orangutan-ECP	3.8627	2.6731	2.6678	0.0000	1.1967	0.9637	1.0294	1.0137	0.9709	0.8152	0.8748
macaque-ECP	0.8828	0.8859	0.8087	1.1967	0.0000	0.9816	1.1140	1.0835	1.1024	0.8952	1.0265
human-EDN	1.0978	1.0487	1.0423	0.9637	0.9816	0.0000	0.0965	0.0727	0.3494	0.3542	0.6085
chimp-EDN	1.1762	1.0735	1.1117	1.0294	1.1140	0.0965	0.0000	0.1940	0.4732	0.4018	0.6753
gorilla-EDN	1.1604	1.1058	1.0972	1.0137	1.0835	0.0727	0.1940	0.0000	0.3806	0.4039	0.6666
organgutan-EDN	1.1612	1.1066	1.0980	0.9709	1.1024	0.3494	0.4732	0.3806	0.0000	0.4043	0.5883
macaque-EDN	0.8736	0.8417	0.8418	0.8152	0.8952	0.3542	0.4018	0.4039	0.4043	0.0000	0.6100
tamarin-EDN	1.0350	0.9970	1.0783	0.8748	1.0265	0.6085	0.6753	0.6666	0.5883	0.6100	0.0000

Nonsynonymous distances after Jukes-Cantor correction (dN):
	human-ECP	chimp-ECP	gorilla-ECP	orangutan-ECP	macaque-ECP	human-EDN	chimp-EDN	gorilla-EDN	organgutan-EDN	macaque-EDN	tamarin-EDN
human-ECP	0.0000	0.0087	0.0087	0.0730	0.0575	0.1738	0.1738	0.1702	0.1698	0.1848	0.2081
chimp-ECP	0.0087	0.0000	0.0117	0.0762	0.0622	0.1719	0.1701	0.1683	0.1679	0.1829	0.2061
gorilla-ECP	0.0087	0.0117	0.0000	0.0762	0.0606	0.1772	0.1772	0.1737	0.1732	0.1883	0.2194
orangutan-ECP	0.0730	0.0762	0.0762	0.0000	0.1029	0.1571	0.1571	0.1537	0.1515	0.1703	0.1900
macaque-ECP	0.0575	0.0622	0.0606	0.1029	0.0000	0.2000	0.2038	0.1964	0.1996	0.2115	0.2440
human-EDN	0.1738	0.1719	0.1772	0.1571	0.2000	0.0000	0.0029	0.0029	0.0349	0.0843	0.1600
chimp-EDN	0.1738	0.1701	0.1772	0.1571	0.2038	0.0029	0.0000	0.0057	0.0379	0.0875	0.1636
gorilla-EDN	0.1702	0.1683	0.1737	0.1537	0.1964	0.0029	0.0057	0.0000	0.0379	0.0875	0.1577
organgutan-EDN	0.1698	0.1679	0.1732	0.1515	0.1996	0.0349	0.0379	0.0379	0.0000	0.0873	0.1597
macaque-EDN	0.1848	0.1829	0.1883	0.1703	0.2115	0.0843	0.0875	0.0875	0.0873	0.0000	0.1890
tamarin-EDN	0.2081	0.2061	0.2194	0.1900	0.2440	0.1600	0.1636	0.1577	0.1597	0.1890	0.0000

Synonymous distances after Jukes-Cantor correction (dS):
	human-ECP	chimp-ECP	gorilla-ECP	orangutan-ECP	macaque-ECP	human-EDN	chimp-EDN	gorilla-EDN	organgutan-EDN	macaque-EDN	tamarin-EDN
human-ECP	0.0000	0.0091	0.0091	0.0182	0.0655	0.1565	0.1450	0.1443	0.1438	0.2158	0.2001
chimp-ECP	0.0091	0.0000	0.0184	0.0276	0.0706	0.1629	0.1571	0.1505	0.1500	0.2228	0.2068
gorilla-ECP	0.0091	0.0184	0.0000	0.0277	0.0757	0.1691	0.1574	0.1565	0.1560	0.2296	0.2011
orangutan-ECP	0.0182	0.0276	0.0277	0.0000	0.0850	0.1637	0.1522	0.1514	0.1566	0.2150	0.2216
macaque-ECP	0.0655	0.0706	0.0757	0.0850	0.0000	0.2043	0.1802	0.1793	0.1786	0.2407	0.2366
human-EDN	0.1565	0.1629	0.1691	0.1637	0.2043	0.0000	0.0301	0.0402	0.1045	0.2677	0.2846
chimp-EDN	0.1450	0.1571	0.1574	0.1522	0.1802	0.0301	0.0000	0.0300	0.0824	0.2402	0.2570
gorilla-EDN	0.1443	0.1505	0.1565	0.1514	0.1793	0.0402	0.0300	0.0000	0.1040	0.2388	0.2511
organgutan-EDN	0.1438	0.1500	0.1560	0.1566	0.1786	0.1045	0.0824	0.1040	0.0000	0.2379	0.2958
macaque-EDN	0.2158	0.2228	0.2296	0.2150	0.2407	0.2677	0.2402	0.2388	0.2379	0.0000	0.3408
tamarin-EDN	0.2001	0.2068	0.2011	0.2216	0.2366	0.2846	0.2570	0.2511	0.2958	0.3408	0.0000

dN/dS:
	human-ECP	chimp-ECP	gorilla-ECP	orangutan-ECP	macaque-ECP	human-EDN	chimp-EDN	gorilla-EDN	organgutan-EDN	macaque-EDN	tamarin-EDN
human-ECP	0.0000	0.9587	0.9568	4.0050	0.8782	1.1100	1.1981	1.1799	1.1808	0.8565	1.0403
chimp-ECP	0.9587	0.0000	0.6329	2.7601	0.8810	1.0547	1.0825	1.1186	1.1194	0.8206	0.9965
gorilla-ECP	0.9568	0.6329	0.0000	2.7545	0.8007	1.0477	1.1260	1.1094	1.1102	0.8199	1.0909
orangutan-ECP	4.0050	2.7601	2.7545	0.0000	1.2108	0.9596	1.0327	1.0153	0.9677	0.7923	0.8574
macaque-ECP	0.8782	0.8810	0.8007	1.2108	0.0000	0.9790	1.1309	1.0954	1.1173	0.8789	1.0314
human-EDN	1.1100	1.0547	1.0477	0.9596	0.9790	0.0000	0.0947	0.0710	0.3338	0.3149	0.5623
chimp-EDN	1.1981	1.0825	1.1260	1.0327	1.1309	0.0947	0.0000	0.1909	0.4595	0.3642	0.6364
gorilla-EDN	1.1799	1.1186	1.1094	1.0153	1.0954	0.0710	0.1909	0.0000	0.3644	0.3665	0.6282
organgutan-EDN	1.1808	1.1194	1.1102	0.9677	1.1173	0.3338	0.4595	0.3644	0.0000	0.3670	0.5397
macaque-EDN	0.8565	0.8206	0.8199	0.7923	0.8789	0.3149	0.3642	0.3665	0.3670	0.0000	0.5546
tamarin-EDN	1.0403	0.9965	1.0909	0.8574	1.0314	0.5623	0.6364	0.6282	0.5397	0.5546	0.0000

